ro.oplus.image.my_engineering.date=2021-09-19 01:06:58
ro.oplus.image.my_engineering.date.utc=1631984818
ro.oplus.image.my_engineering.version=version_stub
ro.oplus.image.my_engineering.type=release
ro.oplus.version.base=20851.23.92.202109182348542841889.e2313b23
ro.oplus.image.base.version=20851.23.92.202109182348542841889.e2313b23
