ro.oplus.image.my_engineering.date=2021-10-04 00:02:52
ro.oplus.image.my_engineering.date.utc=1633276972
ro.oplus.image.my_engineering.version=version_stub
ro.oplus.image.my_engineering.type=release
ro.oplus.version.base=208512.3.41.202110032257182962127.7a38625a
ro.oplus.image.base.version=208512.3.41.202110032257182962127.7a38625a
